-1622.426876	0
-1619.376166	0
-1616.331208	0
-1613.291988	0
-1610.258489	0
-1607.230697	0
-1604.208596	0
-1601.192172	0
-1598.181408	0
-1595.17629	0
-1592.176802	0
-1589.18293	0
-1586.194659	0
-1583.211973	0
-1580.234858	0
-1577.263298	0
-1574.297279	0
-1571.336786	0
-1568.381804	0
-1565.432319	0
-1562.488315	0
-1559.549777	0
-1556.616692	0
-1553.689045	0
-1550.76682	0
-1547.850004	0
-1544.938581	0
-1542.032538	0
-1539.13186	0
-1536.236532	0
-1533.34654	0
-1530.46187	0
-1527.582508	0
-1524.708438	0
-1521.839647	0
-1518.976121	0
-1516.117846	0
-1513.264806	0
-1510.416989	0
-1507.57438	0
-1504.736965	0
-1501.904731	0
-1499.077662	0
-1496.255745	0
-1493.438967	0
-1490.627313	0
-1487.82077	0
-1485.019323	0
-1482.222959	0
-1479.431665	0
-1476.645426	0
-1473.864229	0
-1471.08806	0
-1468.316906	0
-1465.550753	0
-1462.789587	0
-1460.033395	0
-1457.282164	0
-1454.53588	0
-1451.79453	0
-1449.0581	0
-1446.326576	0
-1443.599947	0
-1440.878198	0
-1438.161316	0
-1435.449288	0
-1432.7421	0
-1430.039741	0
-1427.342195	0
-1424.649452	0
-1421.961496	0
-1419.278316	0
-1416.599898	0
-1413.926229	0
-1411.257297	0
-1408.593089	0
-1405.933591	0
-1403.278791	0
-1400.628676	0
-1397.983233	0
-1395.34245	0
-1392.706313	0
-1390.074811	0
-1387.447931	0
-1384.825659	0
-1382.207983	0
-1379.594892	0
-1376.986371	0
-1374.382409	0
-1371.782994	0
-1369.188112	0
-1366.597752	0
-1364.011901	0
-1361.430546	0
-1358.853676	0
-1356.281279	0
-1353.713341	0
-1351.14985	0
-1348.590795	0
-1346.036164	0
-1343.485943	0
-1340.940122	0
-1338.398688	0
-1335.861628	0
-1333.328932	0
-1330.800586	0
-1328.276579	0
-1325.7569	0
-1323.241535	0
-1320.730474	0
-1318.223704	0
-1315.721214	0
-1313.222992	0
-1310.729025	0
-1308.239303	0
-1305.753814	0
-1303.272546	0
-1300.795487	0
-1298.322625	0
-1295.85395	0
-1293.389449	0
-1290.929112	0
-1288.472926	0
-1286.02088	0
-1283.572962	0
-1281.129162	0
-1278.689468	0
-1276.253867	0
-1273.822351	0
-1271.394905	0
-1268.971521	0
-1266.552185	0
-1264.136888	0
-1261.725617	0
-1259.318362	0
-1256.915112	0
-1254.515854	0
-1252.12058	0
-1249.729276	0
-1247.341933	0
-1244.958538	0
-1242.579082	0
-1240.203553	0
-1237.831941	0
-1235.464233	0
-1233.100421	0
-1230.740492	0
-1228.384435	0
-1226.032241	0
-1223.683898	0
-1221.339395	0
-1218.998723	0
-1216.661869	0
-1214.328824	0
-1211.999576	0
-1209.674116	0
-1207.352432	0
-1205.034514	0
-1202.720352	0
-1200.409934	0
-1198.103251	0
-1195.800292	0
-1193.501046	0
-1191.205504	0
-1188.913654	0
-1186.625487	0
-1184.340991	0
-1182.060157	0
-1179.782975	0
-1177.509434	0
-1175.239523	0
-1172.973234	0
-1170.710554	0
-1168.451475	0
-1166.195987	0
-1163.944078	0
-1161.695739	0
-1159.45096	0
-1157.209731	0
-1154.972042	0
-1152.737883	0
-1150.507243	0
-1148.280114	0
-1146.056484	0
-1143.836344	0
-1141.619685	0
-1139.406496	0
-1137.196767	0
-1134.99049	0
-1132.787653	0
-1130.588247	0
-1128.392263	0
-1126.19969	0
-1124.01052	0
-1121.824741	0
-1119.642346	0
-1117.463324	0
-1115.287665	0
-1113.11536	0
-1110.946399	0
-1108.780774	0
-1106.618473	0
-1104.459489	0
-1102.303811	0
-1100.15143	0
-1098.002337	0
-1095.856521	0
-1093.713975	0
-1091.574688	0
-1089.438651	0
-1087.305855	0
-1085.176291	0
-1083.049949	0
-1080.92682	0
-1078.806895	0
-1076.690164	0
-1074.576619	0
-1072.466251	0
-1070.35905	0
-1068.255007	0
-1066.154113	0
-1064.056359	0
-1061.961735	0
-1059.870234	0
-1057.781846	0
-1055.696562	0
-1053.614373	0
-1051.53527	0
-1049.459245	0
-1047.386287	0
-1045.31639	0
-1043.249542	0
-1041.185737	0
-1039.124965	0
-1037.067216	0
-1035.012484	0
-1032.960758	0
-1030.91203	0
-1028.866292	0
-1026.823534	0
-1024.783748	0
-1022.746925	0
-1020.713058	0
-1018.682136	0
-1016.654152	0
-1014.629097	0
-1012.606963	0
-1010.587741	0
-1008.571422	0
-1006.557998	0
-1004.547461	0
-1002.539802	0
-1000.535013	0
-998.533085	0
-996.5340103	0
-994.5377802	0
-992.5443865	0
-990.5538208	0
-988.5660749	0
-986.5811405	0
-984.5990093	0
-982.6196731	0
-980.6431238	0
-978.669353	0
-976.6983527	0
-974.7301147	0
-972.7646309	0
-970.8018931	0
-968.8418933	0
-966.8846234	0
-964.9300753	0
-962.9782411	0
-961.0291126	0
-959.0826819	0
-957.1389411	0
-955.1978821	0
-953.259497	0
-951.323778	0
-949.390717	0
-947.4603063	0
-945.5325379	0
-943.6074041	0
-941.684897	0
-939.7650087	0
-937.8477316	0
-935.9330577	0
-934.0209795	0
-932.1114891	0
-930.2045788	0
-928.300241	0
-926.398468	0
-924.499252	0
-922.6025855	0
-920.7084609	0
-918.8168705	0
-916.9278067	0
-915.041262	0
-913.1572289	0
-911.2756998	0
-909.3966671	0
-907.5201234	0
-905.6460613	0
-903.7744732	0
-901.9053517	0
-900.0386894	0
-898.1744788	0
-896.3127127	0
-894.4533836	0
-892.5964841	0
-890.7420069	0
-888.8899448	0
-887.0402903	0
-885.1930363	0
-883.3481754	0
-881.5057004	0
-879.6656041	0
-877.8278792	0
-875.9925186	0
-874.159515	0
-872.3288613	0
-870.5005504	0
-868.6745751	0
-866.8509283	0
-865.029603	0
-863.2105919	0
-861.3938881	0
-859.5794846	0
-857.7673742	0
-855.9575501	0
-854.1500051	0
-852.3447323	0
-850.5417247	0
-848.7409754	0
-846.9424775	0
-845.1462241	0
-843.3522082	0
-841.5604229	0
-839.7708615	0
-837.983517	0
-836.1983826	0
-834.4154515	0
-832.634717	0
-830.8561721	0
-829.0798102	0
-827.3056245	0
-825.5336083	0
-823.7637548	0
-821.9960574	0
-820.2305093	0
-818.4671038	0
-816.7058344	0
-814.9466944	0
-813.1896771	0
-811.434776	0
-809.6819844	0
-807.9312958	0
-806.1827036	0
-804.4362012	0
-802.6917822	0
-800.94944	0
-799.2091681	0
-797.47096	0
-795.7348092	0
-794.0007094	0
-792.268654	0
-790.5386367	0
-788.8106509	0
-787.0846904	0
-785.3607487	0
-783.6388196	0
-781.9188965	0
-780.2009732	0
-778.4850435	0
-776.7711009	0
-775.0591391	0
-773.349152	0
-771.6411332	0
-769.9350765	0
-768.2309757	0
-766.5288246	0
-764.8286169	0
-763.1303464	0
-761.4340071	0
-759.7395926	0
-758.047097	0
-756.356514	0
-754.6678376	0
-752.9810616	0
-751.2961799	0
-749.6131866	0
-747.9320755	0
-746.2528405	0
-744.5754757	0
-742.8999751	0
-741.2263326	0
-739.5545422	0
-737.884598	0
-736.2164941	0
-734.5502244	0
-732.885783	0
-731.2231641	0
-729.5623617	0
-727.90337	0
-726.246183	0
-724.5907949	0
-722.9371998	0
-721.285392	0
-719.6353656	0
-717.9871147	0
-716.3406336	0
-714.6959166	0
-713.0529578	0
-711.4117515	0
-709.772292	0
-708.1345734	0
-706.4985902	0
-704.8643366	0
-703.231807	0
-701.6009956	0
-699.9718968	0
-698.344505	0
-696.7188144	0
-695.0948196	0
-693.4725149	0
-691.8518947	0
-690.2329534	0
-688.6156854	0
-687.0000852	0
-685.3861473	0
-683.7738662	0
-682.1632362	0
-680.554252	0
-678.9469079	0
-677.3411986	0
-675.7371186	0
-674.1346624	0
-672.5338246	0
-670.9345998	0
-669.3369825	0
-667.7409673	0
-666.1465489	0
-664.5537219	0
-662.9624809	0
-661.3728206	0
-659.7847356	0
-658.1982205	0
-656.6132702	0
-655.0298793	0
-653.4480424	0
-651.8677544	0
-650.2890099	0
-648.7118038	0
-647.1361306	0
-645.5619854	0
-643.9893627	0
-642.4182575	0
-640.8486644	0
-639.2805784	0
-637.7139943	0
-636.1489069	0
-634.5853111	0
-633.0232017	0
-631.4625737	0
-629.9034219	0
-628.3457411	0
-626.7895264	0
-625.2347727	0
-623.6814749	0
-622.1296279	0
-620.5792268	0
-619.0302664	0
-617.4827418	0
-615.9366479	0
-614.3919799	0
-612.8487326	0
-611.3069012	0
-609.7664807	0
-608.227466	0
-606.6898524	0
-605.1536349	0
-603.6188085	0
-602.0853683	0
-600.5533096	0
-599.0226273	0
-597.4933167	0
-595.9653729	0
-594.4387909	0
-592.9135661	0
-591.3896936	0
-589.8671685	0
-588.3459861	0
-586.8261416	0
-585.3076302	0
-583.7904471	0
-582.2745876	0
-580.760047	0
-579.2468204	0
-577.7349033	0
-576.2242908	0
-574.7149783	0
-573.206961	0
-571.7002344	0
-570.1947937	0
-568.6906343	0
-567.1877515	0
-565.6861408	0
-564.1857973	0
-562.6867167	0
-561.1888942	0
-559.6923252	0
-558.1970052	0
-556.7029297	0
-555.2100939	0
-553.7184935	0
-552.2281238	0
-550.7389803	0
-549.2510585	0
-547.7643538	0
-546.2788619	0
-544.7945782	0
-543.3114981	0
-541.8296174	0
-540.3489314	0
-538.8694357	0
-537.3911259	0
-535.9139976	0
-534.4380464	0
-532.9632678	0
-531.4896575	0
-530.017211	0
-528.5459239	0
-527.075792	0
-525.6068109	0
-524.1389761	0
-522.6722834	0
-521.2067285	0
-519.7423069	0
-518.2790145	0
-516.8168469	0
-515.3557998	0
-513.895869	0
-512.4370501	0
-510.9793389	0
-509.5227312	0
-508.0672227	0
-506.6128092	0
-505.1594865	0
-503.7072503	0
-502.2560965	0
-500.8060208	0
-499.3570191	0
-497.9090873	0
-496.462221	0
-495.0164163	0
-493.5716688	0
-492.1279746	0
-490.6853295	0
-489.2437293	0
-487.80317	0
-486.3636474	0
-484.9251575	0
-483.4876962	0
-482.0512593	0
-480.615843	0
-479.181443	0
-477.7480554	0
-476.3156761	0
-474.8843011	0
-473.4539263	0
-472.0245479	0
-470.5961617	0
-469.1687638	0
-467.7423502	0
-466.3169169	0
-464.89246	0
-463.4689755	0
-462.0464595	0
-460.624908	0
-459.2043172	0
-457.784683	0
-456.3660016	0
-454.9482691	0
-453.5314816	0
-452.1156352	0
-450.700726	0
-449.2867502	0
-447.873704	0
-446.4615833	0
-445.0503846	0
-443.6401038	0
-442.2307372	0
-440.8222809	0
-439.4147312	0
-438.0080843	0
-436.6023363	0
-435.1974836	0
-433.7935222	0
-432.3904485	0
-430.9882588	0
-429.5869491	0
-428.186516	0
-426.7869555	0
-425.3882639	0
-423.9904377	0
-422.5934729	0
-421.1973661	0
-419.8021134	0
-418.4077112	0
-417.0141559	0
-415.6214437	0
-414.229571	0
-412.8385342	0
-411.4483296	0
-410.0589535	0
-408.6704025	0
-407.2826728	0
-405.8957609	0
-404.5096631	0
-403.1243758	0
-401.7398956	0
-400.3562187	0
-398.9733417	0
-397.591261	0
-396.2099729	0
-394.8294741	0
-393.449761	0
-392.0708299	0
-390.6926775	0
-389.3153001	0
-387.9386944	0
-386.5628567	0
-385.1877836	0
-383.8134717	0
-382.4399174	0
-381.0671174	0
-379.695068	0
-378.3237659	0
-376.9532077	0
-375.5833899	0
-374.214309	0
-372.8459617	0
-371.4783446	0
-370.1114542	0
-368.7452872	0
-367.3798401	0
-366.0151096	0
-364.6510923	0
-363.2877848	0
-361.9251838	0
-360.5632859	0
-359.2020878	0
-357.8415862	0
-356.4817777	0
-355.1226589	0
-353.7642266	0
-352.4064775	0
-351.0494083	0
-349.6930156	0
-348.3372962	0
-346.9822468	0
-345.6278642	0
-344.274145	0
-342.921086	0
-341.568684	0
-340.2169357	0
-338.8658379	0
-337.5153874	0
-336.1655808	0
-334.8164151	0
-333.467887	0
-332.1199933	0
-330.7727308	0
-329.4260963	0
-328.0800867	0
-326.7346987	0
-325.3899293	0
-324.0457752	0
-322.7022333	0
-321.3593004	0
-320.0169734	0
-318.6752492	0
-317.3341247	0
-315.9935966	0
-314.653662	0
-313.3143177	0
-311.9755607	0
-310.6373877	0
-309.2997958	0
-307.9627818	0
-306.6263428	0
-305.2904755	0
-303.9551771	0
-302.6204443	0
-301.2862742	0
-299.9526637	0
-298.6196099	0
-297.2871096	0
-295.9551598	0
-294.6237576	0
-293.2929	0
-291.9625838	0
-290.6328063	0
-289.3035642	0
-287.9748548	0
-286.6466749	0
-285.3190217	0
-283.9918922	0
-282.6652834	0
-281.3391924	0
-280.0136161	0
-278.6885518	0
-277.3639965	0
-276.0399472	0
-274.716401	0
-273.3933551	0
-272.0708064	0
-270.7487522	0
-269.4271895	0
-268.1061154	0
-266.7855271	0
-265.4654217	0
-264.1457963	0
-262.8266481	0
-261.5079741	0
-260.1897717	0
-258.8720378	0
-257.5547697	0
-256.2379645	0
-254.9216195	0
-253.6057318	0
-252.2902985	0
-250.975317	0
-249.6607843	0
-248.3466977	0
-247.0330544	0
-245.7198516	0
-244.4070866	0
-243.0947565	0
-241.7828587	0
-240.4713902	0
-239.1603485	0
-237.8497307	0
-236.5395341	0
-235.229756	0
-233.9203937	0
-232.6114443	0
-231.3029052	0
-229.9947737	0
-228.6870471	0
-227.3797226	0
-226.0727977	0
-224.7662695	0
-223.4601354	0
-222.1543927	0
-220.8490388	0
-219.544071	0
-218.2394866	0
-216.9352829	0
-215.6314574	0
-214.3280073	0
-213.0249301	0
-211.722223	0
-210.4198835	0
-209.117909	0
-207.8162968	0
-206.5150443	0
-205.2141489	0
-203.913608	0
-202.6134191	0
-201.3135794	0
-200.0140865	0
-198.7149377	0
-197.4161305	0
-196.1176624	0
-194.8195307	0
-193.5217328	0
-192.2242664	0
-190.9271287	0
-189.6303172	0
-188.3338295	0
-187.0376629	0
-185.741815	0
-184.4462833	0
-183.1510651	0
-181.8561581	0
-180.5615596	0
-179.2672673	0
-177.9732786	0
-176.679591	0
-175.386202	0
-174.0931092	0
-172.80031	0
-171.5078021	0
-170.2155829	0
-168.92365	0
-167.6320009	0
-166.3406332	0
-165.0495444	0
-163.7587322	0
-162.468194	0
-161.1779274	0
-159.8879301	0
-158.5981995	0
-157.3087333	0
-156.0195291	0
-154.7305845	0
-153.441897	0
-152.1534643	0
-150.865284	0
-149.5773536	0
-148.2896709	0
-147.0022335	0
-145.7150389	0
-144.4280848	0
-143.1413688	0
-141.8548887	0
-140.568642	0
-139.2826264	0
-137.9968395	0
-136.7112791	0
-135.4259427	0
-134.1408281	0
-132.855933	0
-131.5712549	0
-130.2867917	0
-129.002541	0
-127.7185004	0
-126.4346678	0
-125.1510407	0
-123.867617	0
-122.5843943	0
-121.3013704	0
-120.0185429	0
-118.7359096	0
-117.4534682	0
-116.1712166	0
-114.8891523	0
-113.6072732	0
-112.325577	0
-111.0440615	0
-109.7627244	0
-108.4815635	0
-107.2005766	0
-105.9197614	0
-104.6391157	0
-103.3586374	0
-102.0783241	0
-100.7981737	0
-99.51818393	0
-98.23835268	0
-96.95867771	0
-95.67915683	0
-94.39978786	0
-93.12056861	0
-91.8414969	0
-90.56257057	0
-89.28378744	0
-88.00514535	0
-86.72664214	0
-85.44827565	0
-84.17004373	0
-82.89194424	0
-81.61397502	0
-80.33613395	0
-79.05841889	0
-77.7808277	0
-76.50335826	0
-75.22600845	0
-73.94877614	0
-72.67165924	0
-71.39465562	0
-70.11776318	0
-68.84097983	0
-67.56430345	0
-66.28773197	0
-65.01126328	0
-63.73489531	0
-62.45862598	0
-61.1824532	0
-59.90637491	0
-58.63038904	0
-57.35449352	0
-56.07868629	0
-54.8029653	0
-53.52732849	0
-52.25177381	0
-50.97629923	0
-49.70090269	0
-48.42558217	0
-47.15033563	0
-45.87516104	0
-44.60005638	0
-43.32501962	0
-42.05004876	0
-40.77514177	0
-39.50029664	0
-38.22551138	0
-36.95078398	0
-35.67611245	0
-34.40149478	0
-33.126929	0
-31.85241311	0
-30.57794513	0
-29.30352308	0
-28.029145	0
-26.7548089	0
-25.48051283	0
-24.20625481	0
-22.9320329	0
-21.65784512	0
-20.38368954	0
-19.10956421	0
-17.83546717	0
-16.56139649	0
-15.28735024	0
-14.01332647	0
-12.73932326	0
-11.46533868	0
-10.19137082	0
-8.917417743	0
-7.643477547	0
-6.369548316	0
-5.095628142	0
-3.821715123	0
-2.547807357	0
-1.273902947	0
0	0
1.273902947	0
2.547807357	0
3.821715123	0
5.095628142	0
6.369548316	0
7.643477547	0
8.917417743	0
10.19137082	0
11.46533868	0
12.73932326	0
14.01332647	0
15.28735024	0
16.56139649	0
17.83546717	0
19.10956421	0
20.38368954	0
21.65784512	0
22.9320329	0
24.20625481	0
25.48051283	0
26.7548089	0
28.029145	0
29.30352308	0
30.57794513	0
31.85241311	0
33.126929	0
34.40149478	0
35.67611245	0
36.95078398	0
38.22551138	0
39.50029664	0
40.77514177	0
42.05004876	0
43.32501962	0
44.60005638	0
45.87516104	0
47.15033563	0
48.42558217	0
49.70090269	0
50.97629923	0
52.25177381	0
53.52732849	0
54.8029653	0
56.07868629	0
57.35449352	0
58.63038904	0
59.90637491	0
61.1824532	0
62.45862598	0
63.73489531	0
65.01126328	0
66.28773197	0
67.56430345	0
68.84097983	0
70.11776318	0
71.39465562	0
72.67165924	0
73.94877614	0
75.22600845	0
76.50335826	0
77.7808277	0
79.05841889	0
80.33613395	0
81.61397502	0
82.89194424	0
84.17004373	0
85.44827565	0
86.72664214	0
88.00514535	0
89.28378744	0
90.56257057	0
91.8414969	0
93.12056861	0
94.39978786	0
95.67915683	0
96.95867771	0
98.23835268	0
99.51818393	0
100.7981737	0
102.0783241	0
103.3586374	0
104.6391157	0
105.9197614	0
107.2005766	0
108.4815635	0
109.7627244	0
111.0440615	0
112.325577	0
113.6072732	0
114.8891523	0
116.1712166	0
117.4534682	0
118.7359096	0
120.0185429	0
121.3013704	0
122.5843943	0
123.867617	0
125.1510407	0
126.4346678	0
127.7185004	0
129.002541	0
130.2867917	0
131.5712549	0
132.855933	0
134.1408281	0
135.4259427	0
136.7112791	0
137.9968395	0
139.2826264	0
140.568642	0
141.8548887	0
143.1413688	0
144.4280848	0
145.7150389	0
147.0022335	0
148.2896709	0
149.5773536	0
150.865284	0
152.1534643	0
153.441897	0
154.7305845	0
156.0195291	0
157.3087333	0
158.5981995	0
159.8879301	0
161.1779274	0
162.468194	0
163.7587322	0
165.0495444	0
166.3406332	0
167.6320009	0
168.92365	0
170.2155829	0
171.5078021	0
172.80031	0
174.0931092	0
175.386202	0
176.679591	0
177.9732786	0
179.2672673	0
180.5615596	0
181.8561581	0
183.1510651	0
184.4462833	0
185.741815	0
187.0376629	0
188.3338295	0
189.6303172	0
190.9271287	0
192.2242664	0
193.5217328	0
194.8195307	0
196.1176624	0
197.4161305	0
198.7149377	0
200.0140865	0
201.3135794	0
202.6134191	0
203.913608	0
205.2141489	0
206.5150443	0
207.8162968	0
209.117909	0
210.4198835	0
211.722223	0
213.0249301	0
214.3280073	0
215.6314574	0
216.9352829	0
218.2394866	0
219.544071	0
220.8490388	0
222.1543927	0
223.4601354	0
224.7662695	0
226.0727977	0
227.3797226	0
228.6870471	0
229.9947737	0
231.3029052	0
232.6114443	0
233.9203937	0
235.229756	0
236.5395341	0
237.8497307	0
239.1603485	0
240.4713902	0
241.7828587	0
243.0947565	0
244.4070866	0
245.7198516	0
247.0330544	0
248.3466977	0
249.6607843	0
250.975317	0
252.2902985	0
253.6057318	0
254.9216195	0
256.2379645	0
257.5547697	0
258.8720378	0
260.1897717	0
261.5079741	0
262.8266481	0
264.1457963	0
265.4654217	0
266.7855271	0
268.1061154	0
269.4271895	0
270.7487522	0
272.0708064	0
273.3933551	0
274.716401	0
276.0399472	0
277.3639965	0
278.6885518	0
280.0136161	0
281.3391924	3
282.6652834	1
283.9918922	3
285.3190217	0
286.6466749	3
287.9748548	0
289.3035642	1
290.6328063	1
291.9625838	0
293.2929	2
294.6237576	0
295.9551598	2
297.2871096	2
298.6196099	1
299.9526637	2
301.2862742	2
302.6204443	0
303.9551771	2
305.2904755	1
306.6263428	2
307.9627818	1
309.2997958	1
310.6373877	0
311.9755607	0
313.3143177	0
314.653662	0
315.9935966	3
317.3341247	0
318.6752492	3
320.0169734	0
321.3593004	2
322.7022333	7
324.0457752	2
325.3899293	0
326.7346987	0
328.0800867	2
329.4260963	0
330.7727308	2
332.1199933	1
333.467887	0
334.8164151	0
336.1655808	0
337.5153874	3
338.8658379	1
340.2169357	5
341.568684	2
342.921086	2
344.274145	3
345.6278642	3
346.9822468	1
348.3372962	2
349.6930156	0
351.0494083	3
352.4064775	2
353.7642266	3
355.1226589	5
356.4817777	1
357.8415862	3
359.2020878	1
360.5632859	2
361.9251838	1
363.2877848	3
364.6510923	1
366.0151096	0
367.3798401	3
368.7452872	3
370.1114542	1
371.4783446	2
372.8459617	0
374.214309	0
375.5833899	1
376.9532077	1
378.3237659	2
379.695068	1
381.0671174	1
382.4399174	1
383.8134717	0
385.1877836	0
386.5628567	4
387.9386944	0
389.3153001	2
390.6926775	2
392.0708299	2
393.449761	2
394.8294741	0
396.2099729	3
397.591261	1
398.9733417	0
400.3562187	2
401.7398956	4
403.1243758	3
404.5096631	1
405.8957609	0
407.2826728	1
408.6704025	2
410.0589535	0
411.4483296	0
412.8385342	2
414.229571	1
415.6214437	1
417.0141559	1
418.4077112	2
419.8021134	0
421.1973661	1
422.5934729	1
423.9904377	2
425.3882639	1
426.7869555	1
428.186516	1
429.5869491	1
430.9882588	1
432.3904485	4
433.7935222	0
435.1974836	1
436.6023363	1
438.0080843	1
439.4147312	0
440.8222809	0
442.2307372	0
443.6401038	1
445.0503846	0
446.4615833	4
447.873704	0
449.2867502	2
450.700726	1
452.1156352	1
453.5314816	1
454.9482691	2
456.3660016	1
457.784683	1
459.2043172	1
460.624908	1
462.0464595	1
463.4689755	2
464.89246	0
466.3169169	0
467.7423502	1
469.1687638	0
470.5961617	0
472.0245479	2
473.4539263	2
474.8843011	2
476.3156761	2
477.7480554	1
479.181443	0
480.615843	1
482.0512593	0
483.4876962	0
484.9251575	2
486.3636474	0
487.80317	0
489.2437293	3
490.6853295	0
492.1279746	0
493.5716688	1
495.0164163	0
496.462221	1
497.9090873	0
499.3570191	2
500.8060208	0
502.2560965	0
503.7072503	1
505.1594865	1
506.6128092	0
508.0672227	0
509.5227312	1
510.9793389	0
512.4370501	3
513.895869	0
515.3557998	0
516.8168469	1
518.2790145	1
519.7423069	0
521.2067285	0
522.6722834	0
524.1389761	0
525.6068109	1
527.075792	1
528.5459239	1
530.017211	0
531.4896575	2
532.9632678	0
534.4380464	1
535.9139976	1
537.3911259	0
538.8694357	0
540.3489314	1
541.8296174	0
543.3114981	0
544.7945782	2
546.2788619	0
547.7643538	1
549.2510585	1
550.7389803	1
552.2281238	1
553.7184935	1
555.2100939	0
556.7029297	3
558.1970052	0
559.6923252	1
561.1888942	0
562.6867167	0
564.1857973	1
565.6861408	0
567.1877515	0
568.6906343	0
570.1947937	1
571.7002344	0
573.206961	1
574.7149783	3
576.2242908	0
577.7349033	0
579.2468204	0
580.760047	0
582.2745876	1
583.7904471	1
585.3076302	0
586.8261416	0
588.3459861	0
589.8671685	0
591.3896936	1
592.9135661	0
594.4387909	2
595.9653729	0
597.4933167	0
599.0226273	2
600.5533096	1
602.0853683	0
603.6188085	0
605.1536349	1
606.6898524	0
608.227466	1
609.7664807	0
611.3069012	0
612.8487326	0
614.3919799	2
615.9366479	0
617.4827418	0
619.0302664	1
620.5792268	0
622.1296279	1
623.6814749	1
625.2347727	0
626.7895264	0
628.3457411	1
629.9034219	2
631.4625737	1
633.0232017	0
634.5853111	1
636.1489069	0
637.7139943	0
639.2805784	2
640.8486644	0
642.4182575	0
643.9893627	0
645.5619854	1
647.1361306	2
648.7118038	0
650.2890099	2
651.8677544	0
653.4480424	1
655.0298793	0
656.6132702	0
658.1982205	2
659.7847356	1
661.3728206	0
662.9624809	0
664.5537219	0
666.1465489	1
667.7409673	0
669.3369825	0
670.9345998	1
672.5338246	0
674.1346624	0
675.7371186	0
677.3411986	0
678.9469079	0
680.554252	0
682.1632362	1
683.7738662	0
685.3861473	0
687.0000852	0
688.6156854	0
690.2329534	0
691.8518947	0
693.4725149	0
695.0948196	0
696.7188144	0
698.344505	0
699.9718968	0
701.6009956	0
703.231807	0
704.8643366	0
706.4985902	0
708.1345734	0
709.772292	1
711.4117515	1
713.0529578	0
714.6959166	0
716.3406336	1
717.9871147	0
719.6353656	1
721.285392	0
722.9371998	1
724.5907949	1
726.246183	0
727.90337	0
729.5623617	0
731.2231641	1
732.885783	0
734.5502244	1
736.2164941	0
737.884598	0
739.5545422	0
741.2263326	0
742.8999751	1
744.5754757	0
746.2528405	0
747.9320755	0
749.6131866	0
751.2961799	0
752.9810616	0
754.6678376	0
756.356514	0
758.047097	0
759.7395926	0
761.4340071	1
763.1303464	0
764.8286169	0
766.5288246	1
768.2309757	0
769.9350765	0
771.6411332	0
773.349152	1
775.0591391	0
776.7711009	0
778.4850435	1
780.2009732	0
781.9188965	0
783.6388196	0
785.3607487	0
787.0846904	0
788.8106509	0
790.5386367	0
792.268654	0
794.0007094	1
795.7348092	0
797.47096	0
799.2091681	0
800.94944	0
802.6917822	1
804.4362012	0
806.1827036	0
807.9312958	0
809.6819844	0
811.434776	0
813.1896771	0
814.9466944	0
816.7058344	0
818.4671038	0
820.2305093	0
821.9960574	1
823.7637548	0
825.5336083	0
827.3056245	0
829.0798102	0
830.8561721	0
832.634717	0
834.4154515	1
836.1983826	1
837.983517	0
839.7708615	1
841.5604229	0
843.3522082	0
845.1462241	0
846.9424775	0
848.7409754	0
850.5417247	0
852.3447323	1
854.1500051	0
855.9575501	0
857.7673742	1
859.5794846	0
861.3938881	1
863.2105919	1
865.029603	0
866.8509283	0
868.6745751	0
870.5005504	0
872.3288613	0
874.159515	0
875.9925186	0
877.8278792	1
879.6656041	0
881.5057004	0
883.3481754	0
885.1930363	0
887.0402903	0
888.8899448	2
890.7420069	0
892.5964841	0
894.4533836	0
896.3127127	0
898.1744788	0
900.0386894	0
901.9053517	0
903.7744732	0
905.6460613	1
907.5201234	0
909.3966671	0
911.2756998	0
913.1572289	0
915.041262	0
916.9278067	0
918.8168705	0
920.7084609	0
922.6025855	0
924.499252	0
926.398468	0
928.300241	1
930.2045788	0
932.1114891	2
934.0209795	0
935.9330577	0
937.8477316	1
939.7650087	0
941.684897	0
943.6074041	0
945.5325379	0
947.4603063	0
949.390717	0
951.323778	0
953.259497	1
955.1978821	0
957.1389411	0
959.0826819	0
961.0291126	0
962.9782411	0
964.9300753	0
966.8846234	0
968.8418933	0
970.8018931	0
972.7646309	0
974.7301147	0
976.6983527	0
978.669353	0
980.6431238	0
982.6196731	0
984.5990093	0
986.5811405	0
988.5660749	0
990.5538208	0
992.5443865	0
994.5377802	0
996.5340103	0
998.533085	0
1000.535013	1
1002.539802	0
1004.547461	0
1006.557998	0
1008.571422	0
1010.587741	1
1012.606963	0
1014.629097	0
1016.654152	0
1018.682136	0
1020.713058	1
1022.746925	0
1024.783748	0
1026.823534	0
1028.866292	0
1030.91203	0
1032.960758	1
1035.012484	0
1037.067216	0
1039.124965	0
1041.185737	1
1043.249542	0
1045.31639	0
1047.386287	0
1049.459245	0
1051.53527	0
1053.614373	0
1055.696562	0
1057.781846	0
1059.870234	0
1061.961735	1
1064.056359	0
1066.154113	0
1068.255007	0
1070.35905	0
1072.466251	0
1074.576619	0
1076.690164	0
1078.806895	0
1080.92682	0
1083.049949	0
1085.176291	0
1087.305855	0
1089.438651	0
1091.574688	0
1093.713975	0
1095.856521	0
1098.002337	0
1100.15143	0
1102.303811	0
1104.459489	0
1106.618473	0
1108.780774	0
1110.946399	0
1113.11536	0
1115.287665	0
1117.463324	0
1119.642346	0
1121.824741	0
1124.01052	0
1126.19969	0
1128.392263	0
1130.588247	0
1132.787653	0
1134.99049	0
1137.196767	0
1139.406496	0
1141.619685	0
1143.836344	0
1146.056484	0
1148.280114	0
1150.507243	0
1152.737883	0
1154.972042	0
1157.209731	0
1159.45096	1
1161.695739	0
1163.944078	0
1166.195987	0
1168.451475	0
1170.710554	0
1172.973234	0
1175.239523	0
1177.509434	0
1179.782975	0
1182.060157	0
1184.340991	0
1186.625487	0
1188.913654	0
1191.205504	0
1193.501046	0
1195.800292	0
1198.103251	0
1200.409934	0
1202.720352	0
1205.034514	0
1207.352432	0
1209.674116	0
1211.999576	0
1214.328824	0
1216.661869	0
1218.998723	0
1221.339395	0
1223.683898	0
1226.032241	0
1228.384435	0
1230.740492	0
1233.100421	0
1235.464233	0
1237.831941	0
1240.203553	0
1242.579082	0
1244.958538	1
1247.341933	1
1249.729276	0
1252.12058	0
1254.515854	0
1256.915112	0
1259.318362	0
1261.725617	0
1264.136888	0
1266.552185	0
1268.971521	0
1271.394905	0
1273.822351	0
1276.253867	0
1278.689468	1
1281.129162	0
1283.572962	0
1286.02088	0
1288.472926	0
1290.929112	0
1293.389449	0
1295.85395	0
1298.322625	0
1300.795487	0
1303.272546	0
1305.753814	1
1308.239303	0
1310.729025	0
1313.222992	0
1315.721214	0
1318.223704	0
1320.730474	0
1323.241535	1
1325.7569	1
1328.276579	0
1330.800586	0
1333.328932	0
1335.861628	1
1338.398688	1
1340.940122	0
1343.485943	0
1346.036164	0
1348.590795	0
1351.14985	0
1353.713341	0
1356.281279	0
1358.853676	0
1361.430546	0
1364.011901	0
1366.597752	0
1369.188112	0
1371.782994	0
1374.382409	0
1376.986371	0
1379.594892	0
1382.207983	0
1384.825659	0
1387.447931	0
1390.074811	0
1392.706313	0
1395.34245	0
1397.983233	1
1400.628676	0
1403.278791	0
1405.933591	0
1408.593089	0
1411.257297	1
1413.926229	0
1416.599898	0
1419.278316	0
1421.961496	0
1424.649452	1
1427.342195	0
1430.039741	0
1432.7421	0
1435.449288	0
1438.161316	0
1440.878198	0
1443.599947	1
1446.326576	0
1449.0581	0
1451.79453	1
1454.53588	0
1457.282164	0
1460.033395	0
1462.789587	0
1465.550753	0
1468.316906	1
1471.08806	0
1473.864229	0
1476.645426	0
1479.431665	0
1482.222959	0
1485.019323	1
1487.82077	0
1490.627313	0
1493.438967	0
1496.255745	0
1499.077662	0
1501.904731	0
1504.736965	0
1507.57438	0
1510.416989	0
1513.264806	0
1516.117846	0
1518.976121	0
1521.839647	0
1524.708438	0
1527.582508	0
1530.46187	0
1533.34654	0
1536.236532	0
1539.13186	0
1542.032538	0
1544.938581	1
1547.850004	0
1550.76682	0
1553.689045	1
1556.616692	0
1559.549777	0
1562.488315	0
1565.432319	1
1568.381804	0
1571.336786	0
1574.297279	0
1577.263298	0
1580.234858	0
1583.211973	0
1586.194659	0
1589.18293	2
1592.176802	0
1595.17629	0
1598.181408	1
1601.192172	0
1604.208596	0
1607.230697	0
1610.258489	0
1613.291988	0
1616.331208	1
1619.376166	1
1622.426876	0
1625.483354	0
1628.545615	0
1631.613676	0
1634.68755	0
1637.767255	0
1640.852805	0
1643.944217	0
1647.041505	0
1650.144686	0
1653.253775	0
1656.368789	0
1659.489742	0
1662.616651	1
1665.749532	0
1668.8884	0
1672.033272	1
1675.184164	0
1678.341092	0
1681.504071	0
1684.673118	0
1687.84825	0
1691.029482	0
1694.21683	0
1697.410311	0
1700.609942	0
1703.815738	0
1707.027717	0
1710.245893	0
1713.470285	0
1716.700909	0
1719.93778	0
1723.180917	0
1726.430334	0
1729.68605	0
1732.948081	0
1736.216443	0
1739.491154	0
1742.77223	0
1746.059689	0
1749.353547	0
1752.65382	0
1755.960528	0
1759.273685	0
1762.59331	0
1765.919419	0
1769.25203	0
1772.591161	0
1775.936827	0
1779.289047	0
1782.647839	0
1786.013218	0
1789.385204	0
1792.763812	0
1796.149062	0
1799.540971	0
1802.939555	0
1806.344833	0
1809.756823	0
1813.175542	1
1816.601008	0
1820.033239	0
1823.472253	1
1826.918067	0
1830.3707	0
1833.83017	0
1837.296495	0
1840.769693	0
1844.249782	0
1847.73678	0
1851.230705	0
1854.731576	0
1858.239412	1
1861.75423	0
1865.276049	0
1868.804887	0
1872.340763	0
1875.883696	0
1879.433703	0
1882.990805	0
1886.555018	0
1890.126363	0
1893.704858	0
1897.290522	0
1900.883373	0
1904.483431	0
1908.090715	0
1911.705243	0
1915.327035	0
1918.956109	0
1922.592485	0
1926.236183	0
1929.887221	0
1933.545618	0
1937.211395	0
1940.88457	0
1944.565163	0
1948.253193	0
1951.94868	0
1955.651644	0
1959.362104	0
1963.080079	0
1966.80559	0
1970.538657	0
1974.279298	1
1978.027535	0
1981.783386	0
1985.546873	0
1989.318014	0
1993.096831	0
1996.883343	0
2000.67757	0
2004.479532	0
2008.289251	0
2012.106745	0
2015.932036	0
2019.765144	0
2023.60609	0
2027.454893	0
2031.311575	0
2035.176156	0
2039.048657	0
2042.929099	0
2046.817501	0
2050.713886	0
2054.618274	0
2058.530686	0
2062.451143	0
2066.379666	0
2070.316276	0
2074.260994	0
2078.213842	0
2082.17484	0
2086.14401	0
2090.121373	0
2094.106951	0
2098.100766	0
2102.102837	0
2106.113188	0
2110.13184	0
2114.158815	0
2118.194133	0
2122.237818	0
2126.28989	0
2130.350372	0
2134.419285	0
2138.496652	0
2142.582495	0
2146.676835	0
2150.779695	0
2154.891097	0
2159.011064	0
2163.139617	0
2167.276779	0
2171.422573	0
2175.577021	0
2179.740144	1
2183.911967	0
2188.092512	0
2192.281801	1
2196.479857	0
2200.686703	1
2204.902362	0
2209.126857	0
2213.36021	0
2217.602445	0
2221.853585	0
2226.113652	1
2230.382672	0
2234.660665	0
2238.947656	0
2243.243669	0
2247.548726	0
2251.862851	0
2256.186068	0
2260.5184	0
2264.859871	0
2269.210504	0
2273.570324	0
2277.939355	0
2282.317619	0
2286.705142	0
2291.101947	0
2295.508058	0
2299.9235	0
2304.348296	0
2308.782471	1
2313.226049	1
2317.679055	0
2322.141513	0
2326.613447	0
2331.094882	0
2335.585843	0
2340.086355	0
2344.596441	0
2349.116128	0
2353.645439	0
2358.1844	0
2362.733035	0
2367.291371	0
2371.859431	0
2376.437241	0
2381.024826	0
2385.622212	0
2390.229424	0
2394.846487	0
2399.473427	0
2404.11027	0
2408.75704	0
2413.413764	0
2418.080468	0
2422.757176	0
2427.443916	0
2432.140712	1
2436.847592	0
2441.56458	0
2446.291704	1
2451.028989	0
2455.776462	0
2460.534148	0
2465.302075	0
2470.080269	0
2474.868755	0
2479.667562	0
2484.476715	1
2489.296241	0
2494.126167	0
2498.96652	0
2503.817326	0
2508.678613	0
2513.550408	0
2518.432737	1
2523.325629	0
2528.229109	0
2533.143206	0
2538.067947	0
2543.003359	0
2547.94947	0
2552.906308	0
2557.873899	0
2562.852272	1
2567.841455	0
2572.841475	0
2577.85236	0
2582.874139	0
2587.906839	0
2592.950488	0
2598.005115	0
2603.070748	0
2608.147415	0
2613.235145	0
2618.333966	0
2623.443907	0
2628.564996	0
2633.697261	0
2638.840733	1
2643.995439	0
2649.161409	0
2654.338671	0
2659.527254	0
2664.727188	0
2669.938502	0
2675.161224	1
2680.395386	0
2685.641014	0
2690.89814	0
2696.166793	1
2701.447002	0
2706.738798	1
2712.042209	0
2717.357266	0
2722.683998	0
2728.022436	1
2733.37261	0
2738.734549	0
2744.108285	1
2749.493846	0
2754.891265	0
2760.30057	0
2765.721793	0
2771.154965	0
2776.600115	1
2782.057274	0
2787.526474	0
2793.007746	0
2798.501119	1
2804.006626	0
2809.524297	0
2815.054164	1
2820.596258	0
2826.15061	0
2831.717251	0
2837.296214	0
2842.88753	0
2848.491229	2
2854.107346	0
2859.73591	0
2865.376953	0
2871.030509	0
2876.696609	0
2882.375284	0
2888.066568	0
2893.770492	0
2899.48709	0
2905.216392	0
2910.958433	0
2916.713244	0
2922.480858	0
2928.261308	0
2934.054627	0
2939.860848	0
2945.680003	0
2951.512127	0
2957.357251	0
2963.21541	0
2969.086636	0
2974.970964	0
2980.868426	2
2986.779057	0
2992.702889	0
2998.639957	0
3004.590294	0
3010.553935	0
3016.530913	0
3022.521263	0
3028.525019	0
3034.542214	0
3040.572884	0
3046.617063	0
3052.674784	0
3058.746084	0
3064.830996	0
3070.929556	0
3077.041798	0
3083.167757	0
3089.307468	0
3095.460967	0
3101.628288	0
3107.809467	0
3114.004539	0
3120.21354	1
3126.436505	0
3132.67347	0
3138.92447	0
3145.189542	0
3151.468722	0
3157.762044	0
3164.069547	1
3170.391264	0
3176.727234	0
3183.077492	0
3189.442075	0
3195.821019	0
3202.21436	1
3208.622137	0
3215.044384	0
3221.48114	0
3227.932442	0
3234.398325	0
3240.878829	0
3247.373989	1
3253.883843	0
3260.408429	0
3266.947784	0
3273.501946	0
3280.070953	0
3286.654841	1
3293.253651	0
3299.867418	0
3306.496182	0
3313.139981	0
3319.798852	1
3326.472835	1
3333.161967	1
3339.866288	0
3346.585836	0
3353.32065	0
3360.070768	1
3366.83623	0
3373.617075	0
3380.413342	0
3387.22507	0
3394.052298	0
3400.895066	0
3407.753414	0
3414.627381	0
3421.517007	0
3428.422331	1
3435.343394	1
3442.280236	0
3449.232896	0
3456.201416	0
3463.185835	1
3470.186194	0
3477.202533	0
3484.234893	0
3491.283315	0
3498.347839	0
3505.428508	0
3512.52536	0
3519.638438	1
3526.767784	0
3533.913437	0
3541.075441	0
3548.253835	1
3555.448663	0
3562.659965	0
3569.887784	0
3577.132161	0
3584.393139	0
3591.67076	0
3598.965066	0
3606.276099	0
3613.603902	0
3620.948518	1
3628.309989	0
3635.688358	0
3643.083668	0
3650.495962	0
3657.925283	0
3665.371674	1
3672.835179	0
3680.315841	0
3687.813704	0
3695.328811	1
3702.861206	0
3710.410933	0
3717.978036	0
3725.562559	0
3733.164546	0
3740.784042	1
3748.42109	0
3756.075736	0
3763.748025	3
3771.438	0
3779.145707	1
3786.871191	0
3794.614496	0
3802.375669	0
3810.154754	1
3817.951796	0
3825.766842	1
3833.599937	0
3841.451127	0
3849.320457	1
3857.207974	1
3865.113723	1
3873.037751	1
3880.980105	1
3888.94083	0
3896.919973	0
3904.917582	0
3912.933702	2
3920.96838	1
3929.021665	0
3937.093602	0
3945.184239	0
3953.293623	0
3961.421803	1
3969.568824	1
3977.734737	0
3985.919587	2
3994.123423	1
4002.346293	0
4010.588246	0
4018.84933	2
4027.129592	0
4035.429082	1
4043.747849	0
4052.085941	0
4060.443406	1
4068.820295	0
4077.216657	0
4085.632539	0
4094.067993	0
4102.523068	0
4110.997812	1
4119.492277	0
4128.006511	0
4136.540565	0
4145.09449	0
4153.668334	0
4162.26215	0
4170.875986	0
4179.509895	0
4188.163926	0
4196.838131	0
4205.532561	1
4214.247266	0
4222.982298	0
4231.737709	3
4240.51355	0
4249.309872	0
4258.126728	1
4266.964169	0
4275.822248	1
4284.701017	0
4293.600527	0
4302.520831	2
4311.461983	1
4320.424034	1
4329.407038	0
4338.411047	1
4347.436114	0
4356.482293	0
4365.549638	0
4374.638201	1
4383.748036	0
4392.879197	0
4402.031737	1
4411.205712	0
4420.401175	0
4429.61818	1
4438.856781	0
4448.117034	0
4457.398993	0
4466.702713	2
4476.028248	1
4485.375655	0
4494.744987	0
4504.136301	1
4513.549652	0
4522.985095	1
4532.442687	0
4541.922483	0
4551.42454	0
4560.948913	1
4570.49566	0
4580.064835	0
4589.656497	0
4599.270702	0
4608.907506	0
4618.566967	0
4628.249142	3
4637.954089	0
4647.681864	1
4657.432525	0
4667.206131	0
4677.002739	1
4686.822406	1
4696.665193	0
4706.531155	0
4716.420353	2
4726.332844	0
4736.268688	0
4746.227944	1
4756.210669	1
4766.216925	2
4776.246769	0
4786.300262	1
4796.377463	1
4806.478432	1
4816.603229	1
4826.751914	1
4836.924547	0
4847.121189	0
4857.3419	1
4867.586741	1
4877.855772	2
4888.149056	0
4898.466652	3
4908.808622	1
4919.175027	1
4929.56593	1
4939.981392	0
4950.421475	0
4960.886241	0
4971.375751	0
4981.890069	1
4992.429258	1
5002.993378	0
5013.582495	1
5024.19667	1
5034.835966	2
5045.500448	0
5056.190178	1
5066.90522	0
5077.645638	2
5088.411495	1
5099.202857	1
5110.019786	0
5120.862348	1
5131.730608	2
5142.624628	0
5153.544476	0
5164.490216	0
5175.461912	0
5186.459631	0
5197.483437	0
5208.533398	1
5219.609577	1
5230.712042	1
5241.840859	2
5252.996094	2
5264.177814	1
5275.386084	0
5286.620973	1
5297.882547	0
5309.170873	3
5320.486019	2
5331.828052	0
5343.19704	0
5354.59305	1
5366.016152	0
5377.466412	1
5388.943899	1
5400.448683	0
5411.98083	0
5423.540411	0
5435.127495	0
5446.74215	0
5458.384447	0
5470.054453	1
5481.75224	0
5493.477878	1
5505.231435	0
5517.012984	2
5528.822593	0
5540.660333	2
5552.526276	1
5564.420493	1
5576.343053	1
5588.29403	2
5600.273493	0
5612.281516	0
5624.318169	0
5636.383525	1
5648.477656	0
5660.600634	0
5672.752531	0
5684.933422	1
5697.143378	1
5709.382472	1
5721.650778	0
5733.94837	1
5746.275321	0
5758.631704	0
5771.017594	0
5783.433065	0
5795.878191	0
5808.353047	0
5820.857708	1
5833.392248	1
5845.956743	0
5858.551268	1
5871.175899	1
5883.83071	0
5896.515779	1
5909.231181	2
5921.976991	0
5934.753288	1
5947.560147	2
5960.397645	0
5973.26586	0
5986.164867	1
5999.094746	2
6012.055572	0
6025.047425	3
6038.070382	1
6051.124521	0
6064.209921	1
6077.326659	2
6090.474816	1
6103.654469	0
6116.865698	0
6130.108583	0
6143.383202	0
6156.689635	3
6170.027963	0
6183.398266	0
6196.800623	0
6210.235116	0
6223.701825	0
6237.200831	1
6250.732214	1
6264.296058	1
6277.892442	0
6291.521449	0
6305.18316	2
6318.877659	1
6332.605026	1
6346.365345	1
6360.158698	1
6373.985169	1
6387.84484	1
6401.737794	1
6415.664117	0
6429.62389	0
6443.617199	1
6457.644126	0
6471.704758	0
6485.799178	1
6499.927471	0
6514.089723	2
6528.286017	0
6542.516441	1
6556.78108	0
6571.080018	0
6585.413344	2
6599.781142	1
6614.1835	0
6628.620503	0
6643.09224	0
6657.598798	0
6672.140262	2
6686.716722	1
6701.328265	1
6715.97498	2
6730.656953	1
6745.374275	0
6760.127033	3
6774.915316	2
6789.739214	3
6804.598816	2
6819.494212	0
6834.425491	2
6849.392743	1
6864.396059	0
6879.435529	1
6894.511244	1
6909.623294	1
6924.771772	1
6939.956767	2
6955.178373	1
6970.43668	4
6985.731781	1
7001.063768	0
7016.432733	3
7031.83877	1
7047.281971	4
7062.76243	2
7078.28024	2
7093.835494	0
7109.428286	0
7125.058712	4
7140.726864	1
7156.432838	4
7172.176729	3
7187.958631	0
7203.77864	0
7219.636851	2
7235.533361	0
7251.468265	0
7267.441659	2
7283.45364	3
7299.504306	1
7315.593751	2
7331.722075	2
7347.889375	4
7364.095747	2
7380.341291	1
7396.626103	5
7412.950284	2
7429.313931	3
7445.717143	3
7462.16002	2
7478.642661	1
7495.165166	2
7511.727634	1
7528.330165	3
7544.972861	1
7561.655822	0
7578.379148	2
7595.142941	0
7611.947303	3
7628.792334	1
7645.678137	1
7662.604815	4
7679.572469	1
7696.581202	4
7713.631117	1
7730.722317	3
7747.854906	1
7765.028987	2
7782.244665	2
7799.502044	2
7816.801227	3
7834.142321	2
7851.525429	0
7868.950658	2
7886.418112	2
7903.927897	4
7921.48012	0
7939.074887	4
7956.712304	1
7974.392479	1
7992.115517	3
8009.881528	3
8027.690617	0
8045.542894	3
8063.438467	3
8081.377443	6
8099.359932	3
8117.386042	3
8135.455883	1
8153.569565	1
8171.727197	1
8189.928888	6
8208.174751	4
8226.464895	1
8244.79943	2
8263.178469	2
8281.602123	3
8300.070503	1
8318.583722	2
8337.141891	4
8355.745124	2
8374.393532	2
8393.08723	1
8411.826331	3
8430.610948	3
8449.441195	4
8468.317186	2
8487.239037	2
8506.206862	4
8525.220775	3
8544.280893	1
8563.387331	3
8582.540205	5
8601.739632	4
8620.985727	2
8640.278607	3
8659.618391	1
8679.005194	1
8698.439136	0
8717.920333	3
8737.448905	2
8757.024969	3
8776.648645	2
8796.320051	3
8816.039308	1
8835.806535	4
8855.621852	5
8875.48538	4
8895.397238	1
8915.357549	2
8935.366433	3
8955.424012	1
8975.530408	4
8995.685742	0
9015.890138	2
9036.143718	4
9056.446606	3
9076.798924	3
9097.200796	2
9117.652347	2
9138.153701	1
9158.704982	3
9179.306315	2
9199.957825	2
9220.659639	1
9241.411881	4
9262.214679	2
9283.068158	2
9303.972445	5
9324.927668	4
9345.933954	2
9366.99143	2
9388.100225	4
9409.260467	6
9430.472286	2
9451.735809	3
9473.051166	3
9494.418487	0
9515.837902	1
9537.309541	3
9558.833535	4
9580.410014	2
9602.039111	5
9623.720957	2
9645.455683	2
9667.243422	3
9689.084307	3
9710.97847	3
9732.926044	3
9754.927164	1
9776.981964	6
9799.090576	1
9821.253137	3
9843.469781	1
9865.740643	5
9888.065859	1
9910.445565	3
9932.879897	2
9955.368991	7
9977.912986	2
10000.51202	1
10023.16622	7
10045.87574	5
10068.64071	1
10091.46127	2
10114.33756	5
10137.26971	4
10160.25787	4
10183.30218	2
10206.40278	5
10229.55981	2
10252.7734	2
10276.04371	2
10299.37087	4
10322.75503	1
10346.19632	2
10369.6949	4
10393.2509	4
10416.86446	4
10440.53574	4
10464.26487	1
10488.05201	3
10511.89729	0
10535.80085	1
10559.76286	3
10583.78345	3
10607.86276	5
10632.00096	5
10656.19817	3
10680.45456	3
10704.77026	4
10729.14543	2
10753.58022	1
10778.07477	1
10802.62923	2
10827.24376	3
10851.9185	4
10876.6536	2
10901.44922	8
10926.30551	1
10951.22261	2
10976.20068	9
11001.23988	2
11026.34035	5
11051.50224	6
11076.72572	2
11102.01094	5
11127.35805	6
11152.76719	8
11178.23854	4
11203.77225	6
11229.36846	3
11255.02734	3
11280.74905	7
11306.53374	5
11332.38156	8
11358.29268	6
11384.26725	6
11410.30544	1
11436.4074	5
11462.57329	5
11488.80327	6
11515.0975	5
11541.45614	2
11567.87935	6
11594.3673	7
11620.92014	2
11647.53804	6
11674.22116	7
11700.96966	4
11727.78371	2
11754.66347	9
11781.60911	3
11808.62078	4
11835.69865	5
11862.8429	3
11890.05368	3
11917.33116	4
11944.67551	2
11972.0869	4
11999.56548	5
12027.11144	2
12054.72494	6
12082.40614	3
12110.15522	8
12137.97234	4
12165.85769	2
12193.81141	3
12221.8337	5
12249.92471	3
12278.08463	8
12306.31361	6
12334.61184	9
12362.97949	3
12391.41673	3
12419.92374	5
12448.50068	5
12477.14774	5
12505.86509	5
12534.6529	3
12563.51135	7
12592.44062	3
12621.44088	3
12650.51232	4
12679.6551	0
12708.86941	0
12738.15543	10
12767.51333	9
12796.9433	7
12826.44551	3
12856.02014	7
12885.66738	7
12915.38741	5
12945.18041	6
12975.04656	7
13004.98604	9
13034.99904	5
13065.08574	4
13095.24632	7
13125.48097	8
13155.78988	7
13186.17323	12
13216.6312	4
13247.16398	4
13277.77176	5
13308.45473	5
13339.21307	5
13370.04697	5
13400.95662	5
13431.94221	4
13463.00393	7
13494.14197	4
13525.35652	6
13556.64777	4
13588.01592	10
13619.46114	6
13650.98365	10
13682.58362	5
13714.26126	7
13746.01675	6
13777.85029	2
13809.76208	10
13841.75232	7
13873.82119	6
13905.96889	5
13938.19562	4
13970.50158	5
14002.88697	10
14035.35198	7
14067.89682	8
14100.52167	9
14133.22675	4
14166.01225	7
14198.87837	10
14231.82532	14
14264.85329	15
14297.96249	6
14331.15312	9
14364.42539	6
14397.77949	7
14431.21563	6
14464.73403	9
14498.33487	4
14532.01837	9
14565.78474	6
14599.63418	2
14633.56689	6
14667.5831	4
14701.68299	8
14735.86679	6
14770.13471	5
14804.48695	7
14838.92372	6
14873.44523	8
14908.0517	12
14942.74334	8
14977.52037	5
15012.38298	7
15047.3314	12
15082.36584	3
15117.48652	6
15152.69365	5
15187.98745	6
15223.36813	7
15258.83592	10
15294.39102	7
15330.03365	11
15365.76404	10
15401.5824	6
15437.48896	14
15473.48393	3
15509.56753	4
15545.73999	6
15582.00152	9
15618.35235	3
15654.7927	9
15691.3228	12
15727.94287	12
15764.65313	8
15801.4538	12
15838.34512	5
15875.32732	10
15912.40061	9
15949.56522	3
15986.82138	6
16024.16933	16
16061.60929	9
16099.14148	8
16136.76615	8
16174.48351	5
16212.29381	13
16250.19727	5
16288.19412	6
16326.2846	9
16364.46895	11
16402.74739	10
16441.12017	12
16479.58751	7
16518.14965	5
16556.80683	10
16595.55929	8
16634.40726	9
16673.35099	8
16712.39071	16
16751.52665	8
16790.75907	9
16830.0882	12
16869.51428	10
16909.03756	9
16948.65828	10
16988.37667	9
17028.19299	4
17068.10748	5
17108.12038	13
17148.23193	6
17188.4424	8
17228.75201	7
17269.16103	6
17309.66969	12
17350.27824	7
17390.98694	8
17431.79604	5
17472.70578	11
17513.71641	8
17554.8282	10
17596.04138	6
17637.35622	10
17678.77296	11
17720.29187	8
17761.91319	11
17803.63718	8
17845.46409	13
17887.3942	11
17929.42774	11
17971.56498	11
18013.80618	10
18056.1516	15
18098.60149	10
18141.15613	9
18183.81576	12
18226.58065	12
18269.45107	11
18312.42727	10
18355.50953	9
18398.69809	13
18441.99324	11
18485.39524	12
18528.90435	9
18572.52084	12
18616.24497	6
18660.07702	10
18704.01726	8
18748.06595	5
18792.22337	3
18836.48978	12
18880.86547	13
18925.35069	13
18969.94573	9
19014.65086	11
19059.46635	9
19104.39247	12
19149.42952	7
19194.57775	14
19239.83745	10
19285.20889	19
19330.69236	9
19376.28814	9
19421.9965	14
19467.81772	9
19513.75209	9
19559.79989	12
19605.9614	13
19652.2369	13
19698.62669	9
19745.13103	9
19791.75023	16
19838.48456	10
19885.33432	11
19932.29979	9
19979.38126	19
20026.57902	12
20073.89335	11
20121.32456	13
20168.87292	9
20216.53874	10
20264.32231	8
20312.22392	16
20360.24386	17
20408.38243	12
20456.63992	15
20505.01664	12
20553.51288	16
20602.12893	8
20650.8651	6
20699.72168	13
20748.69898	10
20797.79729	11
20847.01693	12
20896.35818	21
20945.82136	16
20995.40677	13
21045.11471	12
21094.94548	12
21144.8994	12
21194.97678	12
21245.17791	12
21295.50311	14
21345.95269	10
21396.52696	12
21447.22622	9
21498.05079	13
21549.00099	16
21600.07712	11
21651.2795	12
21702.60845	23
21754.06428	12
21805.6473	16
21857.35783	10
21909.1962	20
21961.16272	12
22013.2577	18
22065.48148	13
22117.83437	9
22170.31669	14
22222.92876	6
22275.67092	16
22328.54348	16
22381.54676	16
22434.6811	12
22487.94683	6
22541.34426	20
22594.87372	9
22648.53556	12
22702.33009	21
22756.25764	18
22810.31856	14
22864.51316	22
22918.84179	11
22973.30478	14
23027.90247	16
23082.63518	24
23137.50325	15
23192.50703	18
23247.64686	13
23302.92306	19
23358.33598	14
23413.88597	14
23469.57335	19
23525.39849	17
23581.36171	17
23637.46336	10
23693.7038	22
23750.08336	8
23806.60238	20
23863.26123	14
23920.06025	10
23976.99978	20
24034.08018	24
24091.3018	15
24148.66498	11
24206.17009	15
24263.81748	13
24321.6075	24
24379.5405	13
24437.61685	19
24495.8369	12
24554.20101	22
24612.70954	13
24671.36284	18
24730.16128	11
24789.10523	18
24848.19503	16
24907.43107	10
24966.81369	14
25026.34327	13
25086.02018	14
25145.84477	13
25205.81742	15
25265.9385	10
25326.20838	14
25386.62743	13
25447.19601	15
25507.91451	13
25568.7833	22
25629.80274	15
25690.97322	14
25752.29512	11
25813.7688	19
25875.39466	13
25937.17306	18
25999.10439	14
26061.18903	15
26123.42736	22
26185.81976	18
26248.36662	19
26311.06833	20
26373.92526	23
26436.93782	19
26500.10637	12
26563.43132	14
26626.91305	16
26690.55195	14
26754.34842	19
26818.30285	19
26882.41563	18
26946.68715	12
27011.11782	17
27075.70802	16
27140.45816	13
27205.36863	16
27270.43984	18
27335.67219	24
27401.06606	18
27466.62188	13
27532.34004	20
27598.22095	16
27664.26501	16
27730.47263	25
27796.84421	16
27863.38017	25
27930.08092	18
27996.94686	26
28063.97841	30
28131.17597	24
28198.53998	27
28266.07083	19
28333.76894	14
28401.63474	22
28469.66863	24
28537.87104	17
28606.24239	12
28674.7831	17
28743.49359	20
28812.37429	14
28881.42561	17
28950.64798	25
29020.04184	26
29089.6076	22
29159.34569	18
29229.25655	18
29299.34061	33
29369.59829	19
29440.03004	18
29510.63627	28
29581.41744	17
29652.37396	17
29723.50629	28
29794.81486	17
29866.3001	22
29937.96247	25
30009.80239	14
30081.82031	23
30154.01668	17
30226.39195	27
30298.94654	17
30371.68092	26
30444.59553	17
30517.69082	26
30590.96724	16
30664.42525	20
30738.06528	22
30811.88781	22
30885.89327	17
30960.08214	20
31034.45486	19
31109.01189	23
31183.75369	26
31258.68073	26
31333.79346	22
31409.09235	20
31484.57786	25
31560.25046	23
31636.11061	25
31712.15877	22
31788.39543	23
31864.82104	21
31941.43608	18
32018.24102	25
32095.23634	19
32172.4225	14
32249.79999	36
32327.36927	27
32405.13083	21
32483.08515	23
32561.23271	23
32639.57399	27
32718.10946	27
32796.83963	18
32875.76496	19
32954.88595	24
33034.20308	19
33113.71685	33
33193.42773	24
33273.33624	26
33353.44284	23
33433.74805	20
33514.25235	32
33594.95624	30
33675.86022	28
33756.96479	15
33838.27044	23
33919.77768	23
34001.48701	25
34083.39893	20
34165.51395	34
34247.83257	29
34330.3553	29
34413.08265	18
34496.01513	35
34579.15325	24
34662.49752	32
34746.04846	27
34829.80658	30
34913.77239	31
34997.94642	30
35082.32919	20
35166.9212	35
35251.72299	25
35336.73508	30
35421.95799	32
35507.39225	27
35593.03837	30
35678.8969	23
35764.96836	20
35851.25328	26
35937.75219	33
36024.46562	25
36111.39412	20
36198.53821	39
36285.89843	24
36373.47532	33
36461.26942	31
36549.28128	46
36637.51143	29
36725.96041	33
36814.62878	35
36903.51708	31
36992.62586	26
37081.95566	26
37171.50705	26
37261.28056	36
37351.27675	19
37441.49618	24
37531.9394	32
37622.60698	30
37713.49946	19
37804.61742	30
37895.96141	35
37987.53199	28
38079.32973	36
38171.3552	32
38263.60896	27
38356.09158	33
38448.80363	29
38541.74568	30
38634.91831	35
38728.32209	29
38821.9576	33
38915.82541	33
39009.9261	42
39104.26026	35
39198.82846	29
39293.63128	29
39388.66932	42
39483.94315	30
39579.45337	38
39675.20056	33
39771.18531	28
39867.40822	32
39963.86988	38
40060.57088	20
40157.51182	33
40254.69329	31
40352.11591	42
40449.78026	37
40547.68695	21
40645.83658	27
40744.22976	42
40842.86709	42
40941.74919	30
41040.87666	28
41140.25012	35
41239.87016	28
41339.73743	27
41439.85251	34
41540.21604	22
41640.82863	22
41741.69091	38
41842.80349	25
41944.167	33
42045.78206	29
42147.6493	36
42249.76935	39
42352.14284	37
42454.7704	41
42557.65266	34
42660.79025	36
42764.18382	32
42867.83399	33
42971.74142	28
43075.90674	28
43180.33058	33
43285.01361	30
43389.95645	41
43495.15977	34
43600.6242	30
43706.3504	35
43812.33902	26
43918.59071	33
44025.10613	30
44131.88594	34
44238.93079	30
44346.24135	33
44453.81827	32
44561.66222	34
44669.77387	35
44778.15388	33
44886.80291	34
44995.72165	40
45104.91076	25
45214.37092	36
45324.10279	39
45434.10706	24
45544.38441	30
45654.93551	32
45765.76105	48
45876.86171	20
45988.23818	31
46099.89114	47
46211.82128	32
46324.0293	34
46436.51588	37
46549.28171	40
46662.3275	30
46775.65394	42
46889.26174	41
47003.15158	40
47117.32417	38
47231.78022	35
47346.52044	39
47461.54552	41
47576.85619	41
47692.45315	39
47808.33711	41
47924.50879	34
48040.96891	48
48157.71818	28
48274.75733	41
48392.08707	40
48509.70814	43
48627.62125	34
48745.82713	36
48864.32652	40
48983.12014	37
49102.20873	36
49221.59301	35
49341.27374	38
49461.25164	31
49581.52745	36
49702.10192	43
49822.9758	36
49944.14982	44
50065.62474	28
50187.4013	34
50309.48025	32
50431.86236	27
50554.54837	40
50677.53903	44
50800.83512	42
50924.43739	34
51048.3466	31
51172.56351	42
51297.0889	38
51421.92353	46
51547.06817	49
51672.5236	35
51798.29058	35
51924.36989	32
52050.76232	29
52177.46864	42
52304.48962	33
52431.82607	26
52559.47876	33
52687.44848	39
52815.73601	41
52944.34216	33
53073.26771	30
53202.51346	36
53332.08021	29
53461.96875	36
53592.17989	32
53722.71444	39
53853.57319	34
53984.75695	32
54116.26653	39
54248.10276	37
54380.26642	32
54512.75836	43
54645.57937	41
54778.73028	38
54912.21192	47
55046.0251	50
55180.17066	45
55314.64941	42
55449.46219	36
55584.60983	44
55720.09317	31
55855.91304	38
55992.07028	42
56128.56572	44
56265.40022	45
56402.57461	41
56540.08974	57
56677.94647	34
56816.14563	35
56954.68809	36
57093.5747	32
57232.80632	28
57372.38379	49
57512.308	44
57652.5798	43
57793.20005	47
57934.16962	39
58075.48939	35
58217.16022	39
58359.18299	26
58501.55858	34
58644.28786	39
58787.37171	42
58930.81103	40
59074.60668	23
59218.75957	32
59363.27058	38
59508.1406	39
59653.37053	42
59798.96125	40
59944.91368	49
60091.22871	43
60237.90725	26
60384.95019	35
60532.35846	43
60680.13294	50
60828.27457	37
60976.78425	33
61125.6629	38
61274.91144	41
61424.53079	30
61574.52187	38
61724.8856	41
61875.62293	42
62026.73477	33
62178.22206	47
62330.08574	35
62482.32673	35
62634.94599	28
62787.94445	31
62941.32306	42
63095.08276	45
63249.22451	31
63403.74925	39
63558.65793	30
63713.95153	40
63869.63098	46
64025.69726	33
64182.15132	36
64338.99414	44
64496.22667	34
64653.8499	32
64811.86479	36
64970.27232	43
65129.07346	40
65288.26921	37
65447.86053	35
65607.84841	38
65768.23385	33
65929.01783	40
66090.20134	31
66251.78538	36
66413.77095	47
66576.15905	39
66738.95067	43
66902.14683	43
67065.74853	36
67229.75677	35
67394.17258	33
67558.99697	36
67724.23095	40
67889.87555	31
68055.93179	39
68222.40068	44
68389.28327	40
68556.58058	38
68724.29364	40
68892.42349	27
69060.97116	50
69229.9377	42
69399.32415	25
69569.13155	35
69739.36096	33
69910.01342	33
70081.08998	43
70252.59171	38
70424.51967	41
70596.8749	35
70769.65848	35
70942.87148	37
71116.51496	43
71290.58999	40
71465.09765	36
71640.03902	41
71815.41517	36
71991.2272	36
72167.47618	34
72344.1632	40
72521.28935	39
72698.85573	42
72876.86343	25
73055.31356	32
73234.2072	29
73413.54548	35
73593.32949	28
73773.56034	44
73954.23915	37
74135.36703	26
74316.94511	35
74498.97449	47
74681.45631	30
74864.39169	43
75047.78177	40
75231.62766	28
75415.93052	36
75600.69147	29
75785.91166	32
75971.59222	37
76157.73432	40
76344.33909	37
76531.40769	30
76718.94127	29
76906.94099	45
77095.40801	35
77284.34349	20
77473.74861	24
77663.62453	29
77853.97241	35
78044.79345	34
78236.08881	31
78427.85968	34
78620.10724	30
78812.83268	32
79006.03718	42
79199.72195	18
79393.88817	33
79588.53705	30
79783.66978	41
79979.28757	24
80175.39164	28
80371.98318	29
80569.06341	24
80766.63356	21
80964.69484	36
81163.24847	30
81362.29567	30
81561.83769	19
81761.87575	26
81962.41108	24
82163.44492	24
82364.97852	22
82567.01311	26
82769.54996	28
82972.5903	23
83176.13538	28
83380.18648	25
83584.74484	24
83789.81173	21
83995.38842	18
84201.47617	25
84408.07626	32
84615.18997	23
84822.81856	30
85030.96333	30
85239.62556	26
85448.80653	26
85658.50755	24
85868.7299	25
86079.47488	21
86290.74379	26
86502.53794	28
86714.85864	21
86927.70719	22
87141.08491	35
87354.99313	27
87569.43315	21
87784.4063	15
87999.91391	25
88215.95732	30
88432.53785	33
88649.65684	18
88867.31564	22
89085.51558	18
89304.25801	21
89523.5443	25
89743.37578	22
89963.75381	22
90184.67977	21
90406.155	23
90628.18089	21
90850.75879	20
91073.89009	24
91297.57616	19
91521.81839	21
91746.61815	16
91971.97684	24
92197.89585	15
92424.37657	20
92651.4204	17
92879.02874	20
93107.203	15
93335.9446	15
93565.25493	11
93795.13541	13
94025.58748	16
94256.61254	18
94488.21203	25
94720.38737	20
94953.14001	17
95186.47137	17
95420.38289	14
95654.87603	18
95889.95223	22
96125.61294	17
96361.85962	16
96598.69372	20
96836.11672	23
97074.13006	16
97312.73524	12
97551.9337	14
97791.72695	14
98032.11645	12
98273.10369	15
98514.69015	8
98756.87734	16
98999.66675	15
99243.05987	17
99487.0582	17
99731.66327	11
99976.87656	20
100222.6996	15
100469.1339	19
100716.181	13
100963.8425	8
101212.1197	18
101461.0144	8
101710.5279	13
101960.6619	17
102211.418	12
102462.7975	6
102714.8022	12
102967.4335	9
103220.6931	12
103474.5824	15
103729.1031	9
103984.2567	16
104240.0448	15
104496.4689	13
104753.5308	19
105011.2319	7
105269.5738	8
105528.5581	13
105788.1865	14
106048.4606	15
106309.3818	11
106570.952	15
106833.1726	9
107096.0453	5
107359.5717	8
107623.7535	7
107888.5922	13
108154.0895	9
108420.2471	13
108687.0666	8
108954.5497	6
109222.6979	8
109491.5129	9
109760.9965	12
110031.1503	12
110301.9759	5
110573.475	7
110845.6493	10
111118.5005	12
111392.0302	8
111666.2402	6
111941.1321	2
112216.7077	8
112492.9686	8
112769.9166	3
113047.5533	6
113325.8804	6
113604.8998	3
113884.6131	3
114165.022	10
114446.1283	5
114727.9337	10
115010.44	7
115293.6489	4
115577.5621	6
115862.1814	5
116147.5085	10
116433.5453	4
116720.2935	8
117007.7548	3
117295.931	4
117584.824	8
117874.4354	6
118164.7672	5
118455.821	4
118747.5987	9
119040.102	9
119333.3329	2
119627.293	7
119921.9843	3
120217.4085	5
120513.5674	5
120810.4629	3
121108.0969	6
121406.4711	2
121705.5874	4
122005.4476	3
122306.0537	4
122607.4074	6
122909.5106	7
123212.3652	1
123515.973	5
123820.336	7
124125.456	5
124431.3349	9
124737.9746	3
125045.3769	3
125353.5438	2
125662.4772	4
125972.179	3
126282.6511	2
126593.8954	6
126905.9138	2
127218.7083	2
127532.2808	3
127846.6333	4
128161.7676	4
128477.6858	3
128794.3897	0
129111.8813	4
129430.1627	3
129749.2357	1
130069.1023	3
130389.7646	3
130711.2244	6
131033.4838	3
131356.5447	4
131680.4093	2
132005.0793	6
132330.557	2
132656.8442	1
132983.943	4
133311.8554	0
133640.5834	1
133970.1292	1
134300.4946	1
134631.6817	4
134963.6927	1
135296.5295	3
135630.1941	2
135964.6888	0
136300.0154	5
136636.1762	3
136973.1731	1
137311.0082	0
137649.6838	0
137989.2017	1
138329.5642	2
138670.7732	1
139012.8311	4
139355.7397	1
139699.5014	1
140044.1181	4
140389.5921	3
140735.9254	2
141083.1202	0
141431.1787	0
141780.1029	4
142129.8951	1
142480.5573	1
142832.0919	0
143184.5009	0
143537.7865	2
143891.9509	1
144246.9963	1
144602.9249	1
144959.7389	4
145317.4404	1
145676.0318	2
146035.5151	0
146395.8927	1
146757.1668	1
147119.3395	1
147482.4131	0
147846.39	3
148211.2722	0
148577.0621	2
148943.7619	0
149311.374	1
149679.9005	4
150049.3437	0
150419.706	0
150790.9896	1
151163.1968	0
151536.3298	0
151910.3911	2
152285.383	1
152661.3076	3
153038.1674	0
153415.9648	1
153794.7019	3
154174.3812	0
154555.005	0
154936.5756	1
155319.0955	1
155702.5669	2
156086.9923	1
156472.3741	3
156858.7145	0
157246.016	1
157634.281	2
158023.5118	1
158413.711	4
158804.8808	1
159197.0238	2
159590.1423	0
159984.2388	1
160379.3156	1
160775.3753	2
161172.4203	0
161570.453	0
161969.4759	0
162369.4915	1
162770.5022	1
163172.5105	1
163575.5189	0
163979.5299	0
164384.5459	1
164790.5696	0
165197.6033	2
165605.6496	1
166014.7111	0
166424.7902	0
166835.8895	0
167248.0115	0
167661.1588	0
168075.3339	0
168490.5394	0
168906.7778	0
169324.0518	2
169742.3638	0
170161.7166	1
170582.1126	0
171003.5544	2
171426.0448	0
171849.5862	0
172274.1813	1
172699.8327	0
173126.5431	0
173554.3151	0
173983.1513	1
174413.0543	1
174844.0269	1
175276.0718	0
175709.1914	1
176143.3886	0
176578.6661	1
177015.0264	1
177452.4724	0
177891.0066	0
178330.6319	0
178771.3509	0
179213.1664	0
179656.0811	0
180100.0977	0
180545.2189	0
180991.4476	0
181438.7864	0
181887.2382	0
182336.8057	0
182787.4917	0
183239.2989	0
183692.2302	0
184146.2884	0
184601.4762	0
185057.7966	0
185515.2522	0
185973.8459	0
186433.5806	0
186894.459	0
187356.4842	0
187819.6588	0
188283.9858	0
188749.468	0
189216.1083	0
189683.9096	0
190152.8747	0
190623.0067	0
191094.3083	0
191566.7825	0
192040.4322	0
192515.2604	0
192991.2699	0
193468.4637	0
193946.8448	0
194426.4161	0
194907.1806	0
195389.1412	0
195872.3009	0
196356.6628	0
196842.2297	0
197329.0048	0
197816.9909	0
198306.1912	0
198796.6086	0
199288.2462	0
199781.107	0
200275.1941	0
200770.5105	0
201267.0592	0
201764.8434	0
202263.8661	0
202764.1304	0
203265.6394	0
203768.3962	0
204272.4038	0
204777.6655	0
205284.1843	0
205791.9634	0
206301.0058	0
206811.3148	0
207322.8935	0
207835.745	0
208349.8725	0
208865.2793	0
209381.9684	0
209899.9431	0
210419.2066	0
210939.762	0
211461.6127	0
211984.7618	0
212509.2125	0
213034.9681	0
213562.0319	0
214090.4071	0
214620.0969	0
215151.1047	0
215683.4337	0
216217.0872	0
216752.0685	0
217288.3809	0
217826.0277	0
218365.0123	0
218905.3379	0
219447.008	0
219990.0258	0
220534.3947	0
221080.1181	0
221627.1994	0
222175.6418	0
222725.4489	0
223276.6241	0
223829.1706	0
224383.092	0
224938.3916	0
225495.0729	0
226053.1393	0
226612.5944	0
227173.4414	0
227735.6839	0
228299.3255	0
228864.3694	0
229430.8193	0
229998.6787	0
230567.951	0
231138.6398	0
231710.7485	0
232284.2808	0
232859.2402	0
233435.6302	0
234013.4544	0
234592.7163	0
235173.4196	0
235755.5678	0
236339.1645	0
236924.2133	0
237510.7179	0
238098.6819	0
238688.1088	0
239279.0024	0
239871.3663	0
240465.2041	0
241060.5196	0
241657.3163	0
242255.598	0
242855.3685	0
243456.6313	0
244059.3902	0
244663.6489	0
245269.4112	0
245876.6808	0
246485.4614	0
247095.7569	0
247707.5709	0
248320.9074	0
248935.7699	0
249552.1625	0
250170.0888	0
250789.5526	0
251410.5579	0
252033.1085	0
252657.2081	0
253282.8607	0
253910.0701	0
254538.8401	0
255169.1748	0
255801.0779	0
256434.5534	0
257069.6052	0
257706.2372	0
258344.4534	0
258984.2576	0
259625.6539	0
260268.6462	0
260913.2384	0
261559.4346	0
262207.2388	0
262856.655	0
