1	0
1.009035045	0
1.018151722	0
1.027350768	0
1.036632928	0
1.045998953	0
1.055449601	0
1.064985635	0
1.074607828	0
1.084316958	0
1.094113811	0
1.103999178	0
1.11397386	0
1.124038664	0
1.134194404	0
1.144441901	0
1.154781985	0
1.165215492	0
1.175743266	0
1.186366159	0
1.19708503	0
1.207900747	0
1.218814185	0
1.229826226	0
1.240937761	0
1.252149689	0
1.263462918	0
1.274878362	0
1.286396945	0
1.298019599	0
1.309747264	0
1.32158089	0
1.333521432	0
1.345569858	0
1.357727142	0
1.369994268	0
1.382372227	0
1.394862022	0
1.407464663	0
1.42018117	0
1.43301257	0
1.445959903	0
1.459024216	0
1.472206565	0
1.485508017	0
1.498929649	0
1.512472545	0
1.526137803	0
1.539926526	0
1.553839831	0
1.567878844	0
1.582044699	0
1.596338544	0
1.610761535	0
1.625314837	0
1.63999963	0
1.6548171	0
1.669768447	0
1.684854879	0
1.700077619	0
1.715437896	0
1.730936955	0
1.746576048	0
1.762356441	0
1.77827941	0
1.794346244	0
1.810558243	0
1.826916718	0
1.843422992	0
1.860078402	0
1.876884294	0
1.893842027	0
1.910952975	0
1.928218521	0
1.945640062	0
1.963219007	0
1.980956779	0
1.998854812	0
2.016914555	0
2.035137468	0
2.053525026	0
2.072078717	0
2.090800041	0
2.109690513	0
2.128751662	0
2.147985029	0
2.16739217	0
2.186974655	0
2.206734069	0
2.22667201	0
2.246790092	0
2.267089941	0
2.2875732	0
2.308241527	0
2.329096592	0
2.350140085	0
2.371373706	0
2.392799173	0
2.414418221	0
2.436232598	0
2.458244069	0
2.480454414	0
2.502865431	0
2.525478933	0
2.548296748	0
2.571320723	0
2.594552721	0
2.617994622	0
2.64164832	0
2.665515731	0
2.689598786	0
2.713899431	0
2.738419634	0
2.763161378	0
2.788126665	0
2.813317515	0
2.838735965	0
2.864384071	0
2.89026391	0
2.916377574	0
2.942727176	0
2.969314848	0
2.996142741	0
3.023213025	0
3.05052789	0
3.078089547	0
3.105900224	0
3.133962171	0
3.16227766	0
3.190848981	0
3.219678444	0
3.248768383	0
3.278121151	0
3.307739123	0
3.337624694	0
3.367780283	0
3.398208329	0
3.428911294	0
3.459891661	0
3.491151937	0
3.522694651	0
3.554522356	0
3.586637624	0
3.619043056	0
3.651741273	0
3.684734919	0
3.718026664	0
3.751619202	0
3.785515249	0
3.819717549	0
3.854228869	0
3.889051999	0
3.924189758	0
3.959644989	0
3.995420559	0
4.031519363	0
4.067944321	0
4.10469838	0
4.141784514	0
4.179205723	0
4.216965034	0
4.255065502	0
4.29351021	0
4.332302267	0
4.371444813	0
4.410941013	0
4.450794062	0
4.491007186	0
4.531583638	0
4.572526699	0
4.613839683	0
4.655525931	0
4.697588817	0
4.740031742	0
4.782858142	0
4.826071479	0
4.869675252	0
4.913672986	0
4.958068242	0
5.002864611	0
5.048065717	0
5.093675217	0
5.139696801	0
5.186134192	0
5.232991147	0
5.280271456	0
5.327978946	0
5.376117475	0
5.424690937	0
5.473703263	0
5.523158417	0
5.573060401	0
5.623413252	0
5.674221043	0
5.725487884	0
5.777217924	0
5.829415347	0
5.882084376	0
5.935229272	0
5.988854335	0
6.042963902	0
6.097562352	0
6.152654101	0
6.208243607	0
6.264335367	0
6.320933918	0
6.378043839	0
6.435669751	0
6.493816316	0
6.552488237	0
6.611690262	0
6.67142718	0
6.731703824	0
6.79252507	0
6.853895839	0
6.915821095	0
6.978305849	0
7.041355155	0
7.104974114	0
7.169167874	0
7.233941627	0
7.299300614	0
7.365250123	0
7.431795488	0
7.498942093	0
7.566695371	0
7.635060803	0
7.70404392	0
7.773650302	0
7.843885581	0
7.914755439	0
7.98626561	0
8.058421878	0
8.131230081	0
8.204696109	0
8.278825906	0
8.35362547	0
8.42910085	0
8.505258154	0
8.582103543	0
8.659643234	0
8.737883499	0
8.816830668	0
8.896491128	0
8.976871324	0
9.057977759	0
9.139816995	0
9.222395651	0
9.305720409	0
9.38979801	0
9.474635257	0
9.560239011	0
9.646616199	0
9.733773809	0
9.821718892	0
9.910458562	0
10	0
10.09035045	0
10.18151722	0
10.27350768	0
10.36632928	0
10.45998953	0
10.55449601	5
10.64985635	103
10.74607828	104
10.84316958	89
10.94113811	114
11.03999178	108
11.1397386	102
11.24038664	105
11.34194404	106
11.44441901	97
11.54781985	110
11.65215492	109
11.75743266	122
11.86366159	126
11.9708503	89
12.07900747	113
12.18814185	115
12.29826226	111
12.40937761	110
12.52149689	112
12.63462918	103
12.74878362	128
12.86396945	111
12.98019599	125
13.09747264	110
13.2158089	116
13.33521432	119
13.45569858	118
13.57727142	109
13.69994268	124
13.82372227	119
13.94862022	114
14.07464663	130
14.2018117	105
14.3301257	136
14.45959903	123
14.59024216	118
14.72206565	141
14.85508017	114
14.98929649	119
15.12472545	117
15.26137803	119
15.39926526	138
15.53839831	140
15.67878844	129
15.82044699	122
15.96338544	151
16.10761535	131
16.25314837	126
16.3999963	106
16.548171	132
16.69768447	143
16.84854879	136
17.00077619	138
17.15437896	140
17.30936955	154
17.46576048	134
17.62356441	138
17.7827941	133
17.94346244	146
18.10558243	139
18.26916718	143
18.43422992	138
18.60078402	144
18.76884294	134
18.93842027	135
19.10952975	135
19.28218521	162
19.45640062	139
19.63219007	168
19.80956779	152
19.98854812	155
20.16914555	150
20.35137468	141
20.53525026	127
20.72078717	140
20.90800041	157
21.09690513	153
21.28751662	142
21.47985029	153
21.6739217	153
21.86974655	167
22.06734069	156
22.2667201	156
22.46790092	154
22.67089941	154
22.875732	169
23.08241527	156
23.29096592	166
23.50140085	174
23.71373706	163
23.92799173	147
24.14418221	163
24.36232598	149
24.58244069	128
24.80454414	164
25.02865431	177
25.25478933	148
25.48296748	167
25.71320723	175
25.94552721	175
26.17994622	172
26.4164832	160
26.65515731	173
26.89598786	160
27.13899431	167
27.38419634	167
27.63161378	170
27.88126665	152
28.13317515	162
28.38735965	174
28.64384071	169
28.9026391	169
29.16377574	184
29.42727176	176
29.69314848	153
29.96142741	161
30.23213025	153
30.5052789	186
30.78089547	176
31.05900224	196
31.33962171	177
31.6227766	177
31.90848981	170
32.19678444	167
32.48768383	191
32.78121151	188
33.07739123	155
33.37624694	186
33.67780283	180
33.98208329	186
34.28911294	196
34.59891661	175
34.91151937	200
35.22694651	173
35.54522356	183
35.86637624	198
36.19043056	176
36.51741273	179
36.84734919	161
37.18026664	195
37.51619202	194
37.85515249	193
38.19717549	172
38.54228869	183
38.89051999	188
39.24189758	187
39.59644989	200
39.95420559	177
40.31519363	180
40.67944321	211
41.0469838	223
41.41784514	196
41.79205723	182
42.16965034	170
42.55065502	175
42.9351021	184
43.32302267	170
43.71444813	181
44.10941013	206
44.50794062	186
44.91007186	192
45.31583638	183
45.72526699	198
46.13839683	209
46.55525931	227
46.97588817	223
47.40031742	197
47.82858142	195
48.26071479	216
48.69675252	196
49.13672986	215
49.58068242	206
50.02864611	212
50.48065717	167
50.93675217	207
51.39696801	219
51.86134192	192
52.32991147	180
52.80271456	218
53.27978946	212
53.76117475	179
54.24690937	214
54.73703263	201
55.23158417	212
55.73060401	180
56.23413252	176
56.74221043	192
57.25487884	202
57.77217924	201
58.29415347	195
58.82084376	205
59.35229272	195
59.88854335	190
60.42963902	207
60.97562352	226
61.52654101	179
62.08243607	188
62.64335367	188
63.20933918	165
63.78043839	173
64.35669751	191
64.93816316	175
65.52488237	171
66.11690262	155
66.7142718	196
67.31703824	189
67.9252507	195
68.53895839	179
69.15821095	192
69.78305849	160
70.41355155	187
71.04974114	187
71.69167874	164
72.33941627	170
72.99300614	187
73.65250123	175
74.31795488	160
74.98942093	168
75.66695371	183
76.35060803	170
77.0404392	180
77.73650302	188
78.43885581	162
79.14755439	174
79.8626561	182
80.58421878	186
81.31230081	162
82.04696109	189
82.78825906	166
83.5362547	172
84.2910085	185
85.05258154	200
85.82103543	187
86.59643234	163
87.37883499	198
88.16830668	189
88.96491128	148
89.76871324	161
90.57977759	184
91.39816995	148
92.22395651	159
93.05720409	182
93.8979801	176
94.74635257	171
95.60239011	134
96.46616199	158
97.33773809	161
98.21718892	130
99.10458562	172
100	155
100.9035045	153
101.8151722	168
102.7350768	178
103.6632928	168
104.5998953	150
105.5449601	157
106.4985635	179
107.4607828	137
108.4316958	182
109.4113811	164
110.3999178	177
111.397386	155
112.4038664	144
113.4194404	163
114.4441901	144
115.4781985	161
116.5215492	152
117.5743266	152
118.6366159	134
119.708503	146
120.7900747	145
121.8814185	150
122.9826226	167
124.0937761	158
125.2149689	163
126.3462918	141
127.4878362	169
128.6396945	133
129.8019599	143
130.9747264	142
132.158089	125
133.3521432	162
134.5569858	143
135.7727142	159
136.9994268	141
138.2372227	149
139.4862022	148
140.7464663	146
142.018117	138
143.301257	160
144.5959903	142
145.9024216	136
147.2206565	140
148.5508017	153
149.8929649	156
151.2472545	140
152.6137803	164
153.9926526	163
155.3839831	164
156.7878844	129
158.2044699	133
159.6338544	137
161.0761535	141
162.5314837	138
163.999963	164
165.48171	123
166.9768447	147
168.4854879	135
170.0077619	145
171.5437896	156
173.0936955	135
174.6576048	134
176.2356441	141
177.827941	119
179.4346244	140
181.0558243	118
182.6916718	131
184.3422992	124
186.0078402	118
187.6884294	150
189.3842027	129
191.0952975	138
192.8218521	130
194.5640062	125
196.3219007	131
198.0956779	137
199.8854812	129
201.6914555	138
203.5137468	109
205.3525026	126
207.2078717	119
209.0800041	129
210.9690513	117
212.8751662	118
214.7985029	135
216.739217	119
218.6974655	134
220.6734069	129
222.667201	115
224.6790092	124
226.7089941	129
228.75732	107
230.8241527	104
232.9096592	104
235.0140085	103
237.1373706	115
239.2799173	124
241.4418221	113
243.6232598	101
245.8244069	111
248.0454414	111
250.2865431	98
252.5478933	87
254.8296748	99
257.1320723	112
259.4552721	103
261.7994622	90
264.164832	108
266.5515731	102
268.9598786	107
271.3899431	84
273.8419634	90
276.3161378	107
278.8126665	95
281.3317515	83
283.8735965	90
286.4384071	109
289.026391	96
291.6377574	107
294.2727176	76
296.9314848	106
299.6142741	100
302.3213025	88
305.052789	76
307.8089547	90
310.5900224	96
313.3962171	88
316.227766	65
319.0848981	94
321.9678444	77
324.8768383	87
327.8121151	91
330.7739123	78
333.7624694	82
336.7780283	86
339.8208329	98
342.8911294	80
345.9891661	74
349.1151937	77
352.2694651	69
355.4522356	77
358.6637624	66
361.9043056	73
365.1741273	76
368.4734919	62
371.8026664	83
375.1619202	65
378.5515249	74
381.9717549	66
385.4228869	52
388.9051999	59
392.4189758	79
395.9644989	68
399.5420559	62
403.1519363	72
406.7944321	72
410.469838	55
414.1784514	65
417.9205723	54
421.6965034	59
425.5065502	56
429.351021	69
433.2302267	59
437.1444813	62
441.0941013	57
445.0794062	62
449.1007186	57
453.1583638	56
457.2526699	64
461.3839683	49
465.5525931	56
469.7588817	54
474.0031742	55
478.2858142	59
482.6071479	41
486.9675252	51
491.3672986	60
495.8068242	48
500.2864611	54
504.8065717	41
509.3675217	53
513.9696801	41
518.6134192	42
523.2991147	54
528.0271456	49
532.7978946	53
537.6117475	49
542.4690937	43
547.3703263	49
552.3158417	54
557.3060401	47
562.3413252	46
567.4221043	45
572.5487884	50
577.7217924	54
582.9415347	39
588.2084376	44
593.5229272	47
598.8854335	45
604.2963902	47
609.7562352	42
615.2654101	38
620.8243607	36
626.4335367	38
632.0933918	44
637.8043839	30
643.5669751	36
649.3816316	45
655.2488237	42
661.1690262	37
667.142718	33
673.1703824	31
679.252507	32
685.3895839	34
691.5821095	41
697.8305849	44
704.1355155	42
710.4974114	42
716.9167874	25
723.3941627	36
729.9300614	38
736.5250123	34
743.1795488	32
749.8942093	35
756.6695371	41
763.5060803	47
770.404392	37
777.3650302	31
784.3885581	33
791.4755439	34
798.626561	31
805.8421878	28
813.1230081	31
820.4696109	38
827.8825906	48
835.362547	40
842.910085	30
850.5258154	39
858.2103543	29
865.9643234	33
873.7883499	24
881.6830668	37
889.6491128	24
897.6871324	35
905.7977759	42
913.9816995	21
922.2395651	23
930.5720409	28
938.979801	19
947.4635257	39
956.0239011	33
964.6616199	36
973.3773809	28
982.1718892	28
991.0458562	27
1000	25
1009.035045	33
1018.151722	25
1027.350768	30
1036.632928	32
1045.998953	19
1055.449601	29
1064.985635	24
1074.607828	31
1084.316958	27
1094.113811	31
1103.999178	20
1113.97386	23
1124.038664	26
1134.194404	29
1144.441901	26
1154.781985	18
1165.215492	22
1175.743266	18
1186.366159	25
1197.08503	23
1207.900747	25
1218.814185	30
1229.826226	22
1240.937761	26
1252.149689	31
1263.462918	21
1274.878362	26
1286.396945	16
1298.019599	24
1309.747264	24
1321.58089	13
1333.521432	14
1345.569858	17
1357.727142	30
1369.994268	18
1382.372227	19
1394.862022	20
1407.464663	15
1420.18117	27
1433.01257	18
1445.959903	24
1459.024216	20
1472.206565	25
1485.508017	16
1498.929649	19
1512.472545	16
1526.137803	17
1539.926526	22
1553.839831	13
1567.878844	16
1582.044699	17
1596.338544	19
1610.761535	21
1625.314837	18
1639.99963	13
1654.8171	16
1669.768447	18
1684.854879	20
1700.077619	11
1715.437896	18
1730.936955	17
1746.576048	21
1762.356441	15
1778.27941	14
1794.346244	11
1810.558243	22
1826.916718	16
1843.422992	14
1860.078402	6
1876.884294	14
1893.842027	12
1910.952975	18
1928.218521	14
1945.640062	12
1963.219007	12
1980.956779	14
1998.854812	13
2016.914555	15
2035.137468	8
2053.525026	16
2072.078717	10
2090.800041	15
2109.690513	9
2128.751662	11
2147.985029	17
2167.39217	11
2186.974655	16
2206.734069	9
2226.67201	13
2246.790092	11
2267.089941	8
2287.5732	15
2308.241527	14
2329.096592	11
2350.140085	11
2371.373706	10
2392.799173	13
2414.418221	5
2436.232598	6
2458.244069	10
2480.454414	11
2502.865431	9
2525.478933	13
2548.296748	9
2571.320723	7
2594.552721	6
2617.994622	5
2641.64832	8
2665.515731	11
2689.598786	12
2713.899431	8
2738.419634	11
2763.161378	17
2788.126665	16
2813.317515	13
2838.735965	13
2864.384071	10
2890.26391	7
2916.377574	9
2942.727176	11
2969.314848	9
2996.142741	13
3023.213025	5
3050.52789	13
3078.089547	9
3105.900224	15
3133.962171	16
3162.27766	13
3190.848981	12
3219.678444	11
3248.768383	5
3278.121151	3
3307.739123	7
3337.624694	9
3367.780283	15
3398.208329	8
3428.911294	7
3459.891661	10
3491.151937	12
3522.694651	13
3554.522356	11
3586.637624	12
3619.043056	8
3651.741273	8
3684.734919	4
3718.026664	12
3751.619202	9
3785.515249	15
3819.717549	4
3854.228869	10
3889.051999	12
3924.189758	13
3959.644989	6
3995.420559	10
4031.519363	6
4067.944321	10
4104.69838	8
4141.784514	10
4179.205723	10
4216.965034	6
4255.065502	9
4293.51021	7
4332.302267	8
4371.444813	6
4410.941013	10
4450.794062	8
4491.007186	6
4531.583638	6
4572.526699	8
4613.839683	10
4655.525931	11
4697.588817	10
4740.031742	10
4782.858142	8
4826.071479	5
4869.675252	9
4913.672986	7
4958.068242	10
5002.864611	5
5048.065717	8
5093.675217	6
5139.696801	13
5186.134192	10
5232.991147	6
5280.271456	8
5327.978946	5
5376.117475	10
5424.690937	7
5473.703263	5
5523.158417	2
5573.060401	5
5623.413252	3
5674.221043	3
5725.487884	7
5777.217924	6
5829.415347	6
5882.084376	5
5935.229272	9
5988.854335	6
6042.963902	6
6097.562352	6
6152.654101	4
6208.243607	3
6264.335367	5
6320.933918	2
6378.043839	2
6435.669751	2
6493.816316	3
6552.488237	3
6611.690262	1
6671.42718	1
6731.703824	4
6792.52507	2
6853.895839	2
6915.821095	1
6978.305849	2
7041.355155	5
7104.974114	2
7169.167874	1
7233.941627	4
7299.300614	1
7365.250123	2
7431.795488	1
7498.942093	1
7566.695371	0
7635.060803	1
7704.04392	0
7773.650302	0
7843.885581	0
7914.755439	0
7986.26561	0
8058.421878	0
8131.230081	0
8204.696109	0
8278.825906	0
8353.62547	0
8429.10085	0
8505.258154	0
8582.103543	0
8659.643234	0
8737.883499	0
8816.830668	0
8896.491128	0
8976.871324	0
9057.977759	0
9139.816995	0
9222.395651	0
9305.720409	0
9389.79801	0
9474.635257	0
9560.239011	0
9646.616199	0
9733.773809	0
9821.718892	0
9910.458562	0
